2743100
2813400
2939600
3592100
3654601
3736100
3824300
3232300
2985600
2725800
3071900
3169200
2832300
2702700
2676300
2859800
2856000
2937700
2851400
2912300
2897201
2858900
2899300
2844000
2796900
2881200
2825100
2992100
2881400
2873500
2843000
2891100
2973700
2830400
2841700
2852300
2837500
2935201
2883200
2837000
2840400
2853300
2895700
2831400
2889500
2840200
2606000
2959000
3001500
2787200
2641200
2703700
2801700
2881500
2579801
2762500
2639800
2841000
2595700
2708400
2714200
2627900
2950600
2573200
2641900
2640600
2729400
2720300
2596100
2610000
2610400
2577200
2706001
2643700
2577300
2628500
2584300
2659300
2818200
2658700
2665900
2674000
2693300
2759700
2778600
2757000
2663100
2673400
2806000
2681300
2689401
2655900
2699100
2817100
3405600
2714400
2689700
2649400
2861400
2907400
2731500
2689300
2662000
2747500
2618700
2695700
2671200
2691300
2705401
2651600
2675500
2661000
2724200
2671600
2881600
2670300
2638500
2687700
2645600
2757000
2597900
2686400
2646200
2657600
2837900
2684800
2677101
2659800
2681800
3274300
2652000
2691500
2637800
2686400
2787000
2682600
2633100
2691500
2668900
2663500
3234500
2664300
2658000
2674300
2691101
2750400
2638000
2670500
2644500
2674400
2779400
2672500
2699900
2627600
2703800
2786900
2687900
2650800
2662300
2641300
2732300
2779500
2651201
2669200
2671300
2655300
3884100
3491500
3590900
3045600
2968900
2832100
3221000
2807400
2825100
2828100
2790900
3087400
3242701
2933700
2892300
2842900
3588800
2929800
2801800
2820300
2792200
3385900
2948900
2952400
2871500
2827200
3080400
2967700
3001600
2755700
2818601
3304100
2748600
2745600
3573300
6986400
2884200
2746900
2758000
2881400
2757100
2692200
2754200
2728300
2942000
2707201
2716400
2788700
2736300
2999100
2702100
2727900
2711100
2841600
2911500
2751300
2769900
2729100
2768500
2781400
2766500
2813100
2787900
2695601
2729200
2872300
2762300
2725600
2734900
2734200
2841800
2736900
2734700
2641100
2741300
2806100
2749000
2702300
2752700
2763100
2753400
2910401
2787400
2743600
2745200
2670100
2851200
2773200
2754400
2748600
2699200
2883300
2799900
2709400
2736200
2775900
2753500
2704000
2746000
2739200
2747100
2734000
2841800
2757400
2666700
2743900
2628500
2858000
2705300
2664800
2656500
2688300
3080200
2685600
2725900
2716300
2714600
2803701
2667600
2679300
2684000
2691800
2740400
2729200
2689500
2873300
2681600
2793300
2670900
2664000
2654500
2664300
2727500
2653200
2666300
2666201
2677100
2695800
2648300
2674500
2682700
2652000
2754600
2647300
2645500
2705900
2753800
2813800
2782900
2724000
2774000
2922000
2826201
2706700
2634400
2736000
2681600
3279400
2674600
2642900
2685900
2717300
2871700
2698100
2688900
2811300
2820300
3684600
2864600
2651600
2970200
2691500
2662800
2673900
2777700
2655200
2675200
2696800
2644800
2793300
2648100
2685800
2684700
2664600
2670200
2832900
2684801
2894400
2721700
2752100
2766100
2698600
2642400
2694700
2649900
3104300
3035600
2918600
2715600
2726300
2773000
2715500
2739300
2711300
2736301
3043600
2983300
2700500
2713100
2741700
2800300
2734800
2709100
2730100
2709500
2772800
2707500
2722600
2830200
2719900
2728800
2870300
2741501
2708100
2742100
2774600
2863300
2763200
2739700
2707200
2757200
2826000
2704100
2597600
2674900
2709300
2786000
2656000
2663600
2709700
2622801
2690800
2778700
2655500
2626200
2658200
2659000
2752800
2658500
2656000
2702800
2678200
2937400
2749100
2679000
2702000
2666200
2645300
2775701
2663300
2681200
2614100
2678300
2770000
2649700
2656500
2658100
2651400
2819300
2671700
2665700
2667300
2689400
2731800
2688900
2663400
2653101
2639600
2702400
2673500
2686800
2665400
2670900
2678700
2785400
2669300
2686900
2657700
2698100
2728600
2662900
2669500
2662100
2699100
2875901
2870600
2710100
2629800
2620500
2787500
2606900
2632200
2621000
2619900
2793800
2603700
2650700
2622900
2615200
2755100
2602100
2624101
2621500
2990500
2717800
2624500
2622300
2633800
2613200
2646700
2714300
2608000
2798700
2679100
2921900
2608000
2605500
2697000
2672301
2852300
2658600
2663600
2690400
2677300
2804000
2713600
2684800
2694300
2710300
2719800
3202500
2690100
2886900
2647500
2705700
2707500
2676301
2804100
2684200
2708500
2693400
2651600
3187200
2681700
2692000
2670500
2749200
2867300
2677100
2710400
2688500
2670600
2801600
2709101
2662400
2629900
2677000
2836000
2677900
2690100
2660500
2669700
2647500
2743300
2648600
2729900
2654300
2653600
2780200
2642200
2656400
2652701
2664600
3087600
2729700
2876400
2751600
2663400
3171800
2749100
2676300
2683700
2664300
3672400
2681400
2869700
2717900
2705200
3001401
2642700
2640800
2664300
2622600
2821300
2686800
2660400
2670800
2659700
2865700
2699200
2676000
2698200
2708800
2749200
2645100
2661100
2671700
2640501
2680100
3159200
2695700
2730700
2656800
2693200
2822500
2746800
2646200
2840600
2699800
2805500
2632700
2678300
2670100
2644000
2662000
2662201
2656300
2692100
2673300
2704000
2769600
2664900
2619900
2679600
2720500
2760000
2717600
2669200
2668400
2696900
2709100
2800100
2700200
2679601
2692000
2673500
2759700
2637700
2679100
2657100
2629400
2783900
2656300
2716200
2748100
2674400
2718600
2717900
2655900
2677500
2710700
2746100
3023900
2716200
2672000
2702900
2657300
2987700
2742600
2651100
2694100
2648300
2786500
2635000
2641400
2636100
2705300
2781600
2680000
2666001
2658800
2672700
2663800
2758700
2719400
2811900
2867600
2706900
2985800
2630400
2710100
2697900
2732500
2828100
2651900
2677700
2687700
2704901
2777800
2649000
2658300
2695000
2660200
3093400
2850800
2666900
2937800
2685600
2705900
2650400
2688500
2761000
2678100
2678600
2638600
2700401
2821900
2653700
2676900
2655600
2645800
2642700
2853200
2663800
2631700
2677100
2658500
2815200
2729400
2630000
2670600
2692100
2774400
2663201
2691300
2652400
2680900
2744100
2645100
2719400
2642300
2651800
2660900
3937100
2678700
2687700
2678800
2732500
2649000
2658800
2672100
2652800
2666701
2815800
2634300
2646300
2689100
2677600
3026900
2625000
2655200
2681700
2676800
3210700
2980400
2747800
2678600
2645800
2758600
2672000
2688100
2646600
2656701
2672600
3105200
2881700
2800800
2680600
2854700
2646000
2684700
2666700
2648600
2712500
2642500
2645900
2689900
2680300
2666400
3190000
2662900
2619500
2646201
2701900
2883200
2631500
2715900
2683400
2711300
2837900
2677000
2760300
2680000
2706200
2664800
4381000
2651700
2714800
2672400
3279300
2665800
2693001
2676700
2645900
2752700
2641300
2685700
2690700
2698700
2651000
2961900
2675400
2668000
2637000
2663500
2876300
2664200
2649600
2645200
2666800
2737400
2676900
2689900
2643000
2655400
2646400
3093500
2833300
2669400
2726500
2675100
2819600
2645700
2623500
2648900
2573300
2785400
2635500
2643200
2559100
2667600
2813901
2578000
2618100
2613300
2663200
2794100
2656900
2576000
2677400
2625900
2777300
2617100
2797400
2590700
2594700
2891300
2570900
2656100
2622000
2670300
2946101
3094400
2627400
2637100
2867500
2620700
2677300
2674000
2682600
2849500
2670000
2647600
2699500
2667900
2811500
2633300
2825400
2668300
2697800
2822700
2656301
2644300
2726900
2692100
2725600
2675100
2673100
2630200
2697700
2661100
2806600
2667500
2654300
2705300
2641600
2756500
2665000
2679400
2682900
2693700
2885201
2658600
2712800
2644900
2753100
2806600
2656100
2815900
2646900
2732700
2752700
2820800
2644300
2709100
2705500
2657700
2767600
2757700
2657900
2653600
2694001
2806300
2603600
2707000
2674100
2640600
2776300
2662800
2685100
2630500
2712100
3342500
2702100
2634700
2682800
2673400
2875900
2690400
2682400
2680300
2643100
2693100
2835100
3176500
2652800
2685800
2697500
3109300
2862400
2920300
2799700
2985800
2898800
2677100
2816700
2683700
2729200
3758300
2810400
2654200
2750400
2961900
2696600
2679500
2720300
2718600
2690800
2818000
2726100
2702000
2709100
2728300
2804600
2704300
2746600
2780400
2762300
2812100
2697601
2766600
2710500
2688600
3294900
2794400
2782200
2691400
2774800
2996900
3323400
3727300
3777400
3075800
3538900
3546400
3221700
2854500
3134300
2858000
2731300
3009600
2716100
3147800
2734900
2706300
2723500
2798600
2817800
2727600
2770500
2701500
2737800
2866500
2749800
