3857000
4172099
4197300
3759400
3948300
3609999
3615900
4267600
4417200
3941899
3833400
4488700
4730600
4744499
3669400
3785800
3754200
3815399
3759700
3767100
3813600
4477999
4102600
3804500
3893800
4160999
3716200
3960400
3826300
3889299
4071900
4118600
3932500
3871500
3811500
3858100
3741600
3872700
3802199
3868000
3715500
3756200
3761299
3757400
3764400
3715200
3797600
3722999
3778100
3749500
3789600
3761899
3748600
3776400
3849200
3832600
3787099
3763000
3756700
3775500
3776299
3785600
3587200
3571400
3526000
4410699
3640300
3536000
3794400
4214199
3597400
3638300
3691900
3595499
3542800
3678900
3798900
3847400
3846099
3571600
3876100
3637800
3599399
3816000
3807100
3990900
3832700
3672699
3766400
3875300
3783700
3763199
3609500
3866300
3670700
3851699
3963700
4005600
4115600
3895100
3909199
4214600
4101500
4420500
5318700
3982200
4843300
3995299
3771300
3718000
3763200
3696899
3825500
3717900
3797800
3753400
3678799
3814400
3733100
3754000
3958099
3986600
3709600
3726400
3699700
3783600
3708200
3783800
3787300
3691699
3749800
3755800
3741600
3856599
3599600
3637500
3642400
3604200
3558099
3687300
3608700
3602400
3996199
4426900
4010700
3605900
3721100
3771399
3736800
3786900
4446400
3606700
3828000
3793600
3675200
3746699
3628800
3734500
3978500
3678399
3744600
3759200
3709000
3745100
3768299
3790400
3799800
4203700
4094199
4039300
4228600
4324800
3838499
3728900
3737400
3791600
3713500
3753399
3769500
3804200
3707400
3791099
3727400
3746900
3770700
3727199
3770500
3921500
3766400
3831800
3718799
3811700
3752200
3822800
3726899
3725400
3738900
3788700
3836399
3689300
3703700
3772600
3835000
3733899
3832400
3690700
3579500
3634399
4049800
3551100
3746900
3618200
4102699
3798300
3567900
3675400
3618999
3692800
3559600
3644300
3828900
3556799
3651400
3753000
4003000
3647599
3554600
3618500
3642000
3662700
3563799
3787100
4257300
4116300
4130999
4167800
3917500
3840300
3969699
4504700
4709300
3823300
4120699
4260200
3765200
4000700
4351599
4078100
3764600
4366300
3847599
3830700
3886700
4434100
3854899
3780000
3773400
3988400
3776999
3837100
3940600
3786600
3814300
3788799
3907600
3757400
3752800
3868099
3750700
3978500
4092100
3742999
3794400
3712700
4157900
3768099
3544700
3957000
4319500
3950300
3978000
4669300
3614700
4210600
4233100
4194300
4012000
4613299
4620300
3928200
4527000
3924199
3892500
3802800
3788100
3651999
3660400
3541600
3756600
3708500
3773499
3744200
4419200
3684800
3713099
4135400
3951800
3698700
3785099
3715700
3733600
3768600
3796100
3713000
3735100
3793000
3751000
3745199
3743400
3756300
3740500
3734399
3622900
3626800
3631700
3688000
3649899
3966000
3748500
3656300
3710899
3699300
3787200
3656700
3605700
3638599
3782600
3775100
3801900
3855299
3761400
3840500
3779700
3626600
3582899
3663700
4135300
3570300
3575499
3595100
3614400
3528200
3606400
3649699
3727300
3584800
3733800
3914699
3667000
3640900
3648100
3829000
3712599
3735000
3691900
3819900
3615999
3709600
4028200
3809700
3741100
3719099
3603900
3751100
3707100
3833899
3968800
3949700
3807100
3558500
3587400
3578800
3560300
3672400
3643999
3730100
3573600
3874800
3744100
4445399
3604700
3776000
3950600
4001499
3837400
3871000
3810800
3913899
3888600
3850100
4317800
3727099
3727000
3825900
3820800
3802100
3565599
3677700
3778400
3723300
4258099
3882300
3673400
3848300
3723900
3760000
3528300
3578400
4049100
3659199
3762100
3747500
3748100
3705099
3758900
3774100
3794300
3720900
3723299
3893800
3809400
3701900
3763499
3773800
3752300
3744900
3720000
3696700
3770300
3763500
3805200
3736699
3768400
3694000
3839500
3817299
3672500
3798700
3806300
3754400
3714899
3829900
3891500
3771700
3771899
3809800
3835700
3727700
3825900
3857700
3762800
3732100
3812600
3712799
3743100
3736600
3768100
3759299
3624100
3897500
3692300
3548900
3778599
3535300
3994100
3858400
3779799
3782700
3587600
3913000
3684999
3737800
3961200
3540200
4052900
3544999
3708500
3842800
3899200
4010699
3625800
3988200
3863500
3766500
3965100
4301400
3538100
3813400
3704599
3989700
3770000
3803300
4009399
3647700
4024900
3844800
3786700
3856000
3561200
4018100
3823500
3759799
4071300
3611000
4005600
3851099
3774900
4161100
3518300
4143499
3891300
3996100
4277600
3906500
4285000
4287300
3999700
3589400
4091700
3628800
4027300
4161500
3601099
4070900
3797000
3949600
3924899
3641200
3917000
3756300
3761299
3715100
3713800
3845000
3779200
3889599
3914500
3697000
3728000
3774099
3753800
3736700
3739400
3882499
3752300
3819700
3774400
3742900
3769799
3697800
3747800
3796100
3762999
3658100
3597600
3762300
3672100
3561099
3635900
3664700
3695700
3682299
3571400
3784400
3582300
3679600
3584399
4229400
3758900
3564000
3807499
3613400
3712700
3616300
3635700
3664799
3623600
3569600
3605000
3589799
3580800
3671500
3668800
3588200
3549699
3563800
3854900
3627500
3580499
3531600
3618100
3530000
3576400
3618399
3694300
3634900
3595700
3584799
3572900
3666600
3597100
3585300
3625799
3517100
3490300
3524500
3571200
3496699
3471300
3504300
3578200
3538099
3469400
3444200
3453300
3465900
3470099
3481300
3447500
3532900
3511400
3459799
3508300
3461800
3519000
3520899
3576400
3596400
3533900
3490300
3749099
3489400
3543500
3477900
4042399
3528000
3632200
3601300
3458500
3481399
3434500
3477000
3566600
3448299
3413500
3833000
3437800
3597700
3453299
3532800
3450600
3397000
3664499
3548200
3494700
3446900
3480400
3712799
3539100
3956600
3877100
3764599
3558700
3525700
3500600
3469800
3553199
3527800
3505100
3587600
3466599
3515800
3737500
3543200
3554100
3559999
3528600
3472800
3485700
3487000
3506300
3500400
3487500
3589100
3559799
3581400
3461300
3613600
3512400
3496099
3429400
3551900
3484900
3472399
3520800
3563800
3465000
3493200
3467999
3820200
3510400
3505900
3535399
3529400
3421600
3420200
3405500
3437599
3369400
3560700
3444300
3456000
3414499
4810100
3410100
3438100
3511399
3375900
3489900
3382200
3880400
3423199
3760500
3530700
3545300
3558199
3417200
3779700
3687200
3579500
3666499
3502700
3681700
3910600
3575899
3654900
3560100
3703300
3470800
3574199
3987000
4158700
3594200
3510999
3634500
3513900
3518600
3674799
3497100
3719300
3734900
3576500
3671499
3536000
3603900
3571400
3597299
3648500
3510300
3608200
3535900
4021599
3532400
3547400
3596400
3516599
3577000
3627600
3835900
4151800
3517599
3553300
3617000
3564300
3595699
3516200
3700500
3554200
3682400
3651099
3624900
3538500
3539400
3773799
5398200
4448600
4569500
4285400
4327900
4424200
4558999
4370000
4291300
4541400
4636399
4638700
4514400
4509800
4615200
4323500
3717200
3738300
3755200
3765400
3772900
3799100
3751599
3717600
3741300
3734300
3792199
3737600
3775500
4205000
4051499
4040300
3907000
3815900
3805999
3733100
3841400
3771700
4666300
4401499
4161400
3985000
3967400
3887599
3746100
3698300
3794200
4391099
3949600
4275000
3893800
4142099
4222200
3744400
3675100
3596700
3563200
3574900
3670200
4060400
4158599
4178200
4414600
4303400
4610099
3725600
3743400
3742200
3710499
3965800
3973900
3761400
3743099
3706800
3709000
3794000
4022100
3984599
4080000
4022100
3893200
4092099
3845000
3747300
3807600
3774599
3765100
3690700
3787000
3732299
3738300
3746300
3762900
3758800
3742899
3822900
3760700
3803400
3738599
3717000
3762300
3778600
3762900
3740100
3738500
3766000
3721200
3744999
3726600
3459100
3641200
3429800
3462000
3432200
3440100
3470800
3544799
3444400
3426500
3444600
3532100
3432899
3420000
3584200
3447300
3560399
3487000
3406400
3519600
3486100
3475099
3486700
3708400
3811400
3562499
3598100
3444500
3482800
3470600
3757199
3581000
3447700
3491700
4007299
3423500
3461300
3413900
3509400
3434899
3442600
3594100
3495800
3466199
3608200
3506300
4258500
3442200
3638399
3389900
3662100
3449200
3488999
3492300
3576500
3537300
3467400
3460999
3591400
3517900
3521900
3453300
3682499
3519300
3598700
3438900
4190899
3466800
3525600
3713100
4209200
3746499
3486300
3625200
3722200
3492099
3534300
3492500
3579500
3514900
3517799
3506400
4103200
3673000
3500500
3819599
3463500
3644600
3482600
3546499
3493400
3539500
3529300
3454900
3487499
3548600
3513800
