1701800
1636700
1612000
1565300
1693400
1651600
1598500
2094500
1739300
1527800
1766000
1605900
1513000
1562800
1726300
1925900
1620500
1599900
2140500
1897099
1928000
2091000
1605200
1618100
1586100
1607700
1667000
1729600
1617900
1586200
1568200
1623000
1619600
1569600
1674900
1590900
1579600
1588400
1602100
1596000
1601800
1610800
1633200
1550900
1656300
1602800
1649800
1602500
1692700
1604400
1639600
1625400
1572800
1602200
1540100
1598000
1584400
1584500
1622400
1640600
1658400
1629800
1565400
1582200
1509400
1635600
1628300
1682500
1615900
1576700
1620700
1564800
1588300
1574400
1484800
1471500
1509400
1737300
1541500
1502100
1585700
1647500
1512700
1495600
1667700
1501200
1518300
1487500
1756700
1557700
1560300
1541500
1621500
1520500
1504800
1568200
1880500
1501800
2087000
1732300
1545600
1484100
1541600
1599600
1488500
1560100
1553700
1688000
1510100
1509699
1589800
1462800
1566900
1567700
1633400
2243600
1791700
2301500
1830400
1571000
1586600
1622400
1586200
1906800
1605500
1607900
1552100
1562700
1724800
1544500
1576600
1597200
1675900
1648300
1609400
1614300
1612400
1592500
1573300
1642800
1588700
1572800
1562900
1634600
1623700
1596100
1518800
1540700
1570200
1680400
1601100
1572700
1634200
1548200
1633100
1592400
1604200
1571900
1712400
1594600
1675600
1677000
1587000
1611500
1680900
1568300
1586800
1559000
1636600
1612300
1652100
1608600
1565100
1565300
1579800
1568400
1547000
1623000
1657700
1610500
1490300
1524800
1510700
1534000
1520900
1518500
1499300
1610900
1515800
1550900
1470700
1597100
1523700
1474400
1819400
1588100
2074500
1489200
1652600
1499500
1470000
1492199
1681500
1640000
1722900
1557800
1647500
1554200
1573700
1541600
1495000
1546500
1499500
1732900
1509900
1584400
1528800
1610500
1483300
1521400
1561100
1603300
1658500
1556000
1555400
1560100
1494200
1476400
1520200
1631000
1557000
1698700
1593100
1555300
1527800
1545100
1617900
1525600
1536400
1422200
1580400
1541800
1577400
1501100
1624800
1550500
1530700
1538300
1523500
2315100
1516600
1620700
1601700
1544200
1553000
1756600
1499700
1674200
1598000
1523700
1542200
1546100
1571600
1455400
1541100
1492400
1752700
1523100
1535300
1489500
1565000
1515300
1483600
1579700
1694100
1631900
1506200
1500200
1487900
1553800
1499600
1642500
1548200
1558400
1548900
1757100
1511300
1562700
1481800
1786500
1534800
1562000
1475100
1559000
1511900
1554200
1580700
1564900
1510900
1492400
1668000
1522300
1528500
1479200
1683200
1836300
1897300
1606000
1559100
1482800
1541100
1785600
2285500
2344800
1942300
1592500
1700500
1559600
1525700
1571800
1860800
1528600
1597900
1705600
1540200
1561300
1521200
1723600
1942800
1924300
1708700
1622900
1840700
1776200
1788800
1654900
1732600
1614100
1590800
1614200
1814300
1597600
1597400
1841700
1613600
1577300
1619700
2211900
1606300
1554500
1678800
1739600
1636000
1601700
1644000
1624600
1564000
1700800
1545700
1853300
1703300
1580800
1519200
1631900
1676200
1689500
1595100
1662600
1613800
1571400
1598800
1583700
1605100
1567400
1569500
1632700
1576100
1569500
1552300
1560800
1589700
1615899
1641900
2068000
1620300
1591100
1610500
1635400
1494000
1692400
1547900
1538000
1627400
1552600
1543600
1518600
1636400
1469000
1588100
1463000
1581900
1768300
1572400
1519700
1480700
1566300
1487100
1668200
1440000
1554600
1503400
1763100
1560600
1500100
1506400
2289600
1539100
1491500
1726500
1543000
1530100
1568500
1792100
1621400
1517900
1515200
1831100
1504600
1507900
1627600
1582400
1479900
1472100
1787700
1519300
1516700
1512700
1743600
1578100
1511000
1485900
1580800
1556900
1546800
1680800
1566800
1454900
1554900
1638600
1532100
1515200
1540300
1591200
1530500
1564000
1528500
1837700
1487700
1556000
1637300
1538800
1523800
1527300
1691700
1511900
1541800
1513700
1665100
1547400
1549300
1559900
1601100
1552200
1454700
1547999
1545600
1489500
1511600
1544100
1499000
1514200
1592900
1669800
1565400
1468300
1506400
1604100
1560200
1554000
1595100
1743400
1520000
1555000
1585400
1693300
1506000
1531100
1505100
1691100
1592300
1573200
1930700
1535700
1512400
1474300
1747100
1455400
1465300
1516800
1850000
1474300
1561000
1617500
1504600
1521100
1500400
1883000
1548800
1867600
1865900
1618400
1496800
1531600
1914000
1549400
1503200
2001500
1690500
1611900
1729700
1501800
1495600
1528500
1618200
1563000
1543800
1463600
1598600
1449500
1579500
1516100
1704500
1443000
1458800
1565800
1967200
1765400
1515800
1628300
1587100
1509100
1471000
1769000
1492000
1509400
1561200
1640100
1491700
1494500
1636900
1530300
1551800
1593400
1624600
1661300
1457700
1487000
1509400
1460600
1529700
1696600
1550500
1605400
1523600
1729700
1516800
1558100
1695200
1527200
1538500
1519200
1650100
1528400
1502200
1580100
1551400
1553100
1475700
1522800
1634200
1687900
1534500
1557600
1567700
1520700
1532600
1593500
1580400
1550500
1479100
1552100
1482800
1552400
1566200
1839000
1523000
1566000
1543100
1563400
1575400
1565800
1641200
1558200
1516600
1552700
1525000
1781100
1634000
1542300
1752900
1494200
1503000
1457500
1647500
1680800
1516300
1558900
1521900
1520200
1556200
1762500
1454900
1572100
1511800
1678400
1528200
1477500
1684800
1540200
1575100
1494300
1624700
1597400
1577400
1537600
1925900
1561100
1831400
1630200
1779800
1514600
1563100
1848000
1554700
1482100
1479000
1805300
1521200
1503300
1601000
1681100
1516200
1550300
1885300
1554200
1474200
1566900
1725600
1686300
1528900
1624500
1580100
1512100
1530000
1775100
1486200
1506600
1490800
1745000
1569100
1483300
1527900
1672600
1538600
1543100
1791200
1664700
1523400
1564800
1770300
1496500
1562300
1611700
1741800
1583100
1549400
1846400
1540300
1559500
1527600
1744300
1512500
1486500
1499300
1684300
1409600
1507500
1636600
1713000
1540900
1570900
1835200
1536700
1566500
1532900
1889100
1457500
1473500
1480100
1665200
1528000
1543200
1717500
1567800
1522800
1505100
1824600
1629100
1561200
1511200
1731500
1487100
1521000
1618800
1653000
1488000
1519300
2311500
1586700
1536600
1519800
1775300
1473000
1470900
1799200
1480600
1525700
1535000
1887600
1590300
1546700
1458800
1832399
1512100
1547500
1578800
1687200
1501800
1452400
1860200
1475000
1512400
1535100
1774400
1529000
1557100
1677500
1685800
1503700
1542000
1814900
1492200
1525800
1539400
1916000
1528700
1539900
1584200
2276000
1562800
1551900
1730800
1507300
1521300
1517800
1706100
1506100
1596500
1902400
1505800
1497800
1513100
1768100
1556500
1488100
1506400
1909100
1537700
1506900
1902400
1489700
1516400
1497500
1504100
1539200
1573100
1826500
1503600
1479800
1521700
1902300
1495100
1509800
1521200
1686600
1502100
1520100
1489900
1522200
1844200
1576300
1767700
1579000
1530100
1831700
1748000
1538600
1638100
1968800
1553900
1532600
1857000
1576700
1542300
1512300
1813800
1546900
1539700
1587600
1774800
1511400
1559700
1833399
1456600
1546200
1533700
1959200
1551900
1505800
1835800
1600300
1517700
1452700
1762900
1610400
1547000
1547500
1737500
1510800
1541900
1842900
1522700
1460700
1533300
1809500
1606600
1525400
1494300
1851600
1595100
1514300
1818100
1563200
1564800
1546000
1918900
1573300
1543500
1536200
1689900
1569600
1511100
1780400
1555400
1498800
1505500
1844200
1538700
1518600
1671000
1739300
1576700
1558500
1772500
1537900
1523400
1558600
2095500
1996300
1547200
1755400
1565700
1501400
1555200
1832600
1563700
1505500
1516900
1682800
1466100
1537800
1660500
1709500
1566400
1519600
1830000
1584400
1551900
1519500
1876300
1540500
1480200
1501600
1929400
1528800
1492300
1627300
1624400
1552400
1605700
1914400
1575500
1479300
1518200
1944399
1516500
1562300
1613400
1660600
1467800
1535300
1873100
1586100
1741600
1526200
1697700
1584200
1518100
1653300
1586700
1496100
1501700
1868800
1537700
1506200
1493400
1839000
1550700
1502000
1617200
1612100
1557200
1556700
1867400
1553600
1496600
1576200
2054600
1516600
1539400
1518400
1832600
1561700
1595900
1645800
1553900
1554600
1511400
1834100
1582100
1525700
1567100
1792700
1562700
1506500
1576000
1784800
1530600
1566600
1877600
1541500
1496000
1547200
1901500
1551800
1542500
1500400
1897900
1570800
1548200
