271086689
272820489
277475688
261578889
266046289
246997390
253593989
277184488
254995490
228582790
224567791
258273889
231316890
234641190
252207290
246052090
234012990
233153490
225732391
237126390
238101790
232495190
231148791
234442895
233112096
235278295
228947095
239726495
238431696
232453095
228021795
235495796
226539995
232125595
232109296
233033895
232286895
229894496
231506895
227808595
235678395
237913196
241896995
239508995
241159895
245607395
239857295
242088495
241700395
229798796
240294995
258064495
231401295
231082595
226094296
230526695
229119303
261791535
232403631
231069030
233955531
234397231
253984133
273674537
275931436
271484136
269165836
229730531
229660730
230165231
229973930
227291630
230988931
233950831
227002830
230437631
229403330
229495931
232710831
230235130
233457431
229592231
236388331
234702831
233677530
230092530
231253931
233075931
230944930
229117931
229667042
233169250
230163049
224244248
228155149
231521750
229849050
227620849
228432649
235248251
