238126290
229305690
234031990
237746183
235783571
231426671
230571272
229540672
236463271
243998071
241006871
224317272
241404170
243327870
236025671
230940072
233884771
231834671
232545072
231594271
232043772
231697471
231392171
232047672
233462771
244227070
244999970
248253869
256014869
239167570
246441870
259858268
257195968
269689267
297104763
276037966
378040276
308618793
253658194
261278494
236475595
243984594
246139094
228674495
255102794
229225694
234658295
236025994
233855195
226860194
252021094
232317995
235459695
234389595
262968094
237852694
245349794
256059694
228890595
230525295
229336194
232441695
232447694
230091495
233078795
231683895
231431795
255530794
235258494
231327692
230580392
228128391
231406392
232990591
232358792
232274791
230155392
230553191
229868692
230358491
245104491
228500992
246526591
232159592
238609291
230127291
233728692
231544891
227159892
232206491
231891592
237035391
230862192
250895391
233624891
245593591
246121091
250005291
235088191
233939192
