2279200
2237800
2176000
2249801
2952300
2195500
3042500
2714600
2515100
3092300
2868000
2363000
2285501
2219000
2363100
2411800
2534000
2192700
2126100
2006900
2235000
2063000
2023001
2102900
2344200
2097000
2027600
2062300
2154400
2069400
2534800
2757600
2552901
2855300
2507800
2418000
2241600
2286200
2603500
2342200
2449000
2273600
2246501
2279200
2266400
2261200
2374800
2299200
2285000
2298900
2261000
2310000
2384000
2261200
2299000
2286200
2342000
2322100
2275300
2272100
2285000
2295000
2257100
2233301
2234800
2268700
2263600
2254200
2144500
2166500
2326900
2082300
2204700
2341200
2253901
2219600
2217600
2204000
2459900
2157200
2232400
2143200
2168600
2221500
2218701
2171100
2506000
2221100
2257400
2187700
2186000
2354700
2721700
2623700
2478501
2263300
2231400
2584800
2307400
2234400
2118500
2364500
2180700
2193200
2561800
2173601
2156200
2849800
2217400
2251000
2420800
2177400
2314700
2118600
2159900
2425501
2163800
2345500
2158400
2167200
2273400
2172900
2111800
2437300
2549000
2298600
2166801
2205500
2308400
3277300
2316400
2310400
2161600
2384300
2190100
2206400
2557101
2194000
2218800
2161300
2168700
2226100
2211200
2152100
2288700
2152200
2142800
2217501
2182800
2210500
2278100
2172500
2170100
2150000
2191500
2423900
2288000
2368401
2190700
2162700
2388200
2146500
2176200
2572000
2174000
2331500
2175200
2145200
2403401
2236200
2144500
2262900
2191800
2402200
2423400
2215600
2317000
2209400
2192001
2248200
2173600
2214700
2210600
2205700
2228300
2162700
2606100
2665900
2238900
2607501
2137700
2153600
2333500
2182100
2184100
2336400
2133900
2176500
2211100
2166700
2126300
2308500
2147200
2289100
2181800
2129100
2479800
2305500
2202700
2141300
2175601
2407900
2172400
2156900
2268700
2188600
2135400
2228600
2160100
2241200
2309900
2150701
2297700
2170800
2160400
2277000
2139900
2523900
2516900
2494500
2241800
2445901
2593800
2612800
2642800
2844800
2612200
2709000
2733200
2667900
2698800
4512800
2821000
2313400
2386101
2547300
2907900
2872400
2923100
2305500
2411800
2170100
2207500
2330500
2170201
2195200
2745400
2311300
2572900
2156900
2157200
2305800
2162500
2472000
2244501
2147400
2363600
2171300
2188300
2462700
2265100
2392000
2206500
2227800
2495101
2324500
2470000
2208600
2222100
2406900
2192300
2194500
2326900
2175200
2161400
2208601
2133200
2222100
2555700
2170000
2269600
2204300
2143100
2415000
2310400
2147900
2333601
2161100
2342100
2198900
2173900
2275200
2189000
2195800
2319700
2164800
2185300
2578101
2227800
2328700
2173400
2168900
2320000
2158700
2295300
2468900
2196500
2199201
2192300
2160000
2334600
2199200
2173900
2335300
2151700
2099100
2309200
2204200
2288001
2264200
2182700
3018500
2205400
2251700
2276900
2179400
2315500
2197400
2150601
2297400
2199600
2184700
2246000
2189100
2221100
2182800
2154000
2181600
2284900
2185201
2250100
2157200
2174700
2481900
2488300
2384300
2181200
2212800
2297500
2170300
2105301
2241900
2154700
2157900
2154300
2155100
2234800
2281700
2129700
2292800
2161400
2155701
2405600
2196800
2509300
2331800
2126700
2377400
2227700
2200800
2326000
2191901
2170800
2239500
2152600
2166100
2265100
2156200
2201800
2136200
2155500
2376200
2370001
2277300
2433500
2153500
2482200
2208400
2174700
2284200
2137500
2179600
2188200
2139101
2249800
2194800
2231600
2298700
2162200
2156400
2209800
2130400
2267000
2442800
2145801
2266600
2161500
2212200
2337000
2183400
2148900
2420300
2145800
2330700
2190801
2168600
2297600
2151400
2148900
2261000
2138300
2160100
2316100
2278400
2252000
2200901
2219200
2412600
2195900
2166800
2414700
2161800
2245000
2129900
2138600
2178100
2229101
2135800
2302700
2185000
2180000
2625100
2434900
2346900
2166300
2203400
2430001
2175400
2162700
2189200
2132100
2211400
2203600
2178900
2150800
2410300
2148100
2227701
2194400
2192000
2342800
2393000
2404300
2275600
2391800
2286000
2205700
2445601
2160900
2197100
2482300
2172600
2160800
2375500
2183500
2336100
2173100
2172000
2442101
2162600
2179000
2555900
2163600
2314300
2371000
2154600
2370000
2251900
2168001
2624300
2160300
2480300
2277700
2242700
2953000
2250100
2279900
2296000
2150200
2611400
2233100
2181300
2651500
2192700
2255600
2166200
2212500
2177100
2133600
2155101
2277900
2166100
2253000
2224600
2237000
2292100
2182300
2153000
2533800
2181800
2265600
2181900
2161800
2654400
2187900
2202800
2612800
2248900
2686500
2224300
2164500
2702100
2160100
2551300
2357100
2168700
2516100
2165900
2301800
2172300
2167901
2382700
2226000
2198700
2327300
2198500
2398400
2181000
2137600
2435700
2162601
2194600
2396400
2150700
2963200
2140600
2175900
2342000
2148900
2270400
2165601
2148300
2578700
2215600
2176700
2270500
2176400
2483900
2169900
2215800
2430700
2140901
2238500
2334600
2145300
2436900
2182300
2192800
2299400
2167600
2297300
2281001
2167000
2493800
2214400
2165500
2384300
2175100
2358800
2161600
2179500
2425400
2144800
2185300
2499900
2178100
2355700
2364900
2150600
2450600
2462400
2350300
2401101
2173900
2484900
2180900
2216200
2398300
2183500
2564500
2168400
2175300
2563301
2145500
2394600
2273500
2186000
2532200
2198500
2171100
2326000
2146600
2480401
2199400
2135900
2507700
2182300
2397900
2297500
2165400
2515000
2193000
2144400
2499500
2168700
2610800
2225200
2138700
2486200
2145200
2215300
2445700
2195300
2617701
2160900
2168200
2807900
2345100
2435000
2490000
2168600
2587000
2171800
2295001
2302700
2168000
2529400
2199200
2180500
2426200
2131600
2212600
2525900
2178400
2443100
2318900
2151200
2643800
2205900
2244600
2223500
2152300
2518500
2158900
2168001
2576100
2149000
2273100
2268500
2178900
2669500
2209100
2150800
2507800
2187501
2264500
2374600
2140500
2564400
2186000
2115300
2535100
2125600
2429800
2227700
2167201
2897100
2161300
2273000
2374300
2166300
2565100
2225500
2162500
2524100
2184501
2380300
2289200
2133300
2649700
2161600
2182200
2554600
2184300
2215000
2241700
2166100
2419300
2212000
2132400
2626700
2186300
2304300
2376100
2185900
2426000
2481901
2154100
2653200
2191900
2506000
2187900
2170700
2615500
2164100
2301500
2344001
2119700
2598500
2143100
2196700
2431200
2154200
2322200
2334400
2162600
2385400
2169501
2166000
2553500
2162200
2275600
2539700
2212100
2398100
2229300
2153500
2180301
2216500
2395600
2195600
2153400
2436100
2152200
2188600
2362500
2180300
2285000
2381900
2135400
2446100
2159700
2332500
2175000
2183400
2337600
2160300
2181400
2163601
2119100
2182500
2296000
2209800
2193100
2228900
2182400
2169300
2184200
2798300
2144101
2168800
2135300
2173500
2145400
2229100
2126100
2259300
2182800
2168100
2156700
2181601
2176300
2145700
2180100
2134600
2191600
2142600
2266300
2140900
2162900
2171100
2149401
2180300
2136700
2152500
2153800
2171600
2167100
2169400
2138300
2262800
2099300
2121600
2101200
2080200
2146000
2116800
2232600
2133400
2091700
2089700
2092900
2091400
2227100
2122601
2137100
2111200
2115000
2142500
2143900
2095600
2106300
2095900
2104200
2125300
2125301
2237500
2117600
2425600
2130500
2146500
2131900
2145600
2304700
2165000
2127100
2144901
2233800
2108100
2214800
2164100
2129300
2121900
2118100
2108800
2241000
2479300
2143201
2178800
2105800
2123600
2070000
2134500
2105700
2130400
2128500
2104500
2128900
2303201
2146900
2107200
2155700
2165300
2136800
2307600
2112900
2114700
2163800
2119301
2099900
2413100
2136900
2119100
2120700
2145000
2126000
2114000
2707900
2161100
2096101
2141900
2135400
2096800
2204000
2134200
2118200
2170000
2145100
2096500
2283000
2128801
2128400
2211900
2115300
2110300
2162700
2270500
2172100
2169500
2131500
2090700
2113101
2256300
2097200
2095300
2140500
2130900
2130900
2132000
2189400
2101200
2148100
2128801
2133400
2113300
2657600
2126200
2317700
2154800
2097500
2283200
2146600
2157500
2107301
2143500
2128900
2207300
2128300
2140300
2132800
2108100
2125100
2240800
2135700
2154501
2132800
2151600
2093500
2111800
2305600
2146600
2119300
2102200
2112800
2109500
2227801
2133300
2133800
2088100
2140100
2150800
2129200
2275900
2136700
2117200
2095400
2115301
2129800
2224500
2106900
2096700
2116400
2136700
2100000
2118100
2232600
2117500
2095801
2093700
2115800
